INCAR created by Atomic Simulation Environment
 SMASS = 0.000000
 POTIM = 0.500000
 ENCUT = 400.000000
 TEEND = 300.000000
 TEBEG = 300.000000
 SIGMA = 0.050000
 EDIFF = 1.00e-04
 EDIFFG = -5.00e-02
 PREC = normal
 GGA = RP
 ALGO = fast
 ISMEAR = 0
 NELM = 1000
 IBRION = 0
 ISYM = 0
 ISPIN = 1
 NSW = 2000
 LORBIT = 11
 NCORE = 4
 KPAR = 1
 LCHARG = .FALSE.
 LWAVE = .FALSE.
